550,720
50
45,285,85,55,1,1
45,240,85,55,1,2
45,195,85,55,1,3
45,150,85,55,1,4
45,105,85,55,1,5
165,285,85,55,1,1
165,240,85,55,1,2
165,195,85,55,1,3
165,150,85,55,1,4
165,105,85,55,1,5
285,285,85,55,1,1
285,240,85,55,1,2
285,195,85,55,1,3
285,150,85,55,1,4
285,105,85,55,1,5
405,285,85,55,1,1
405,240,85,55,1,2
405,195,85,55,1,3
405,150,85,55,1,4
405,105,85,55,1,5
525,285,85,55,1,1
525,240,85,55,1,2
525,195,85,55,1,3
525,150,85,55,1,4
525,105,85,55,1,5
645,285,85,55,1,1
645,240,85,55,1,2
645,195,85,55,1,3
645,150,85,55,1,4
645,105,85,55,1,5
765,285,85,55,1,1
765,240,85,55,1,2
765,195,85,55,1,3
765,150,85,55,1,4
765,105,85,55,1,5
885,285,85,55,1,1
885,240,85,55,1,2
885,195,85,55,1,3
885,150,85,55,1,4
885,105,85,55,1,5
1005,285,85,55,1,1
1005,240,85,55,1,2
1005,195,85,55,1,3
1005,150,85,55,1,4
1005,105,85,55,1,5
1125,285,85,55,1,1
1125,240,85,55,1,2
1125,195,85,55,1,3
1125,150,85,55,1,4
1125,105,85,55,1,5
9
50,620,140,30,2
290,620,140,30,3
770,620,140,30,2
1010,620,140,30,2
1250,620,140,30,3
1490,620,140,30,3
1730,620,140,30,3
1970,620,140,30,3
2210,620,140,30,3
1
600,426,35,35,0,-7
4
435,749,30,30,1,1
557,461,30,30,1,1
680,368,30,30,1,1
1131,210,30,30,1,1
0,3
